4 0.2745 0.2705 0.1921
0 -9734.51
0 -8849.56
-442.4778761 -8849.557522
0 -9734.513274

4 0.2745 0.2705 0.1921
0 -9734.51
0 -8849.56
442.4778761 -8849.557522
0 -9734.513274

8 0.2745 0.2705 0.1921
0 -8849.56
0 -6194.69
-530.9734513 -6194.690265
-2831.858407 -7345.132743
-2654.867257 -9026.548673
-884.9557522 -9026.548673
-442.4778761 -8849.557522
0 -8849.56

8 0.2745 0.2705 0.1921
0 -8849.56
0 -6194.69
530.9734513 -6194.690265
2831.858407 -7345.132743
2654.867257 -9026.548673
884.9557522 -9026.548673
442.4778761 -8849.557522
0 -8849.56

7 0.2745 0.2705 0.1921
0 -6194.69
0 -884.956
-1150.442478 -884.9557522
-1061.946903 -1769.911504
-707.9646018 -4867.256637
-530.9734513 -6194.690265
0 -6194.69

7 0.2745 0.2705 0.1921
0 -6194.69
0 -884.956
1150.442478 -884.9557522
1061.946903 -1769.911504
707.9646018 -4867.256637
530.9734513 -6194.690265
0 -6194.69

14 0.2745 0.2705 0.1921
0 -884.956
0 3539.823
-1061.946903 3539.823009
-7522.123894 3539.823009
-8849.557522 3362.831858
-9734.513274 2654.867257
-10000 2212.389381
-9911.504425 1769.911504
-9292.035398 1150.442478
-8141.59292 442.4778761
-5486.725664 -353.9823009
-3185.840708 -707.9646018
-1150.442478 -884.9557522
0 -884.956

14 0.2745 0.2705 0.1921
0 -884.956
0 3539.823
1061.946903 3539.823009
7522.123894 3539.823009
8849.557522 3362.831858
9734.513274 2654.867257
10000 2212.389381
9911.504425 1769.911504
9292.035398 1150.442478
8141.59292 442.4778761
5486.725664 -353.9823009
3185.840708 -707.9646018
1150.442478 -884.9557522
0 -884.956

11 0.2745 0.2705 0.1921
0 3539.823
0 6637.168142
-442.4778761 5752.212389
-442.4778761 5309.734513
-884.9557522 5309.734513
-884.9557522 4690.265487
-442.4778761 4690.265487
-619.4690265 3982.300885
-884.9557522 3982.300885
-1061.946903 3539.823009
0 3539.823

11 0.2745 0.2705 0.1921
0 3539.823
0 6637.168142
442.4778761 5752.212389
442.4778761 5309.734513
884.9557522 5309.734513
884.9557522 4690.265487
442.4778761 4690.265487
619.4690265 3982.300885
884.9557522 3982.300885
1061.946903 3539.823009
0 3539.823

11 0.8157 0.8157 0.8157
0.0000 884.9558
-442.4779 884.9558
-663.7168 530.9735
-663.7168 0.0000
-663.7168 -796.4602
0.0000 -796.4602
663.7168 -796.4602
663.7168 0.0000
663.7168 530.9735
442.4779 884.9558
0.0000 884.9558

2 0.0000 0.0000 0.0000
-1061.9469 3539.8230
-1150.4425 -884.9558

2 0.0000 0.0000 0.0000
1061.9469 3539.8230
1150.4425 -884.9558

2 0.0000 0.0000 0.0000
0.0000 -6371.6814
0.0000 -9646.0177

2 0.0000 0.0000 0.0000
-2035.3982 5132.7434
-2654.8673 5132.7434

2 0.0000 0.0000 0.0000
2035.3982 5132.7434
2654.8673 5132.7434

2 0.0000 0.0000 0.0000
-1150.4425 5132.7434
-1769.9115 5132.7434

2 0.0000 0.0000 0.0000
1150.4425 5132.7434
1769.9115 5132.7434

C 0.0000 0.0000 0.7843
-5309.7345 1769.9115 1150.4425

C 1.0000 0.0000 0.0000
-5309.7345 1769.9115 707.9646

C 0.0000 0.0000 0.7843
5309.7345 1769.9115 1150.4425

C 1.0000 0.0000 0.0000
5309.7345 1769.9115 707.9646