6 0.396078431 0.490196078 0.525490196
0 6779.661017
1228.813559 4661.016949
1906.779661 2966.101695
-1906.779661 2966.101695
-1228.813559 4661.016949
0 6779.661017

5 0.396078431 0.490196078 0.525490196
1906.779661 2966.101695
1991.525424 -2669.491525
-1991.525424 -2669.491525
-1906.779661 2966.101695
1906.779661 2966.101695

6 0.396078431 0.490196078 0.525490196
-1991.525424 -2669.491525
-2966.101695 -2966.101695
-10000 -4237.288136
-10169.49153 -1694.915254
-1906.779661 2966.101695
-1991.525424 -2669.491525

6 0.396078431 0.490196078 0.525490196
1991.525424 -2669.491525
2966.101695 -2966.101695
10000 -4237.288136
10169.49153 -1694.915254
1906.779661 2966.101695
1991.525424 -2669.491525

5 0.396078431 0.490196078 0.525490196
1991.525424 -2669.491525
847.4576271 -3813.559322
-847.4576271 -3813.559322
-1991.525424 -2669.491525
1991.525424 -2669.491525

7 0.396078431 0.490196078 0.525490196
847.4576271 -3813.559322
847.4576271 -4322.033898
593.220339 -4322.033898
-593.220339 -4322.033898
-847.4576271 -4322.033898
-847.4576271 -3813.559322
847.4576271 -3813.559322

7 0.396078431 0.490196078 0.525490196
593.220339 -4322.033898
593.220339 -5932.20339
127.1186441 -6355.932203
-127.1186441 -6355.932203
-593.220339 -5932.20339
-593.220339 -4322.033898
593.220339 -4322.033898

9 0.803921569 0.803921569 0.803921569
0 4449.152542
466.1016949 4237.288136
762.7118644 3813.559322
932.2033898 2542.372881
0 2542.372881
-932.2033898 2542.372881
-762.7118644 3813.559322
-466.1016949 4237.288136
0 4449.152542

5 0 0 0
-6822.033898 -423.7288136
-7161.016949 -423.7288136
-7161.016949 -1694.915254
-6822.033898 -1694.915254
-6822.033898 -423.7288136

5 0 0 0
-6355.932203 -889.8305085
-7627.118644 -889.8305085
-7627.118644 -1228.813559
-6355.932203 -1228.813559
-6355.932203 -889.8305085

5 0 0 0
6822.033898 -423.7288136
7161.016949 -423.7288136
7161.016949 -1694.915254
6822.033898 -1694.915254
6822.033898 -423.7288136

5 0 0 0
6355.932203 -889.8305085
7627.118644 -889.8305085
7627.118644 -1228.813559
6355.932203 -1228.813559
6355.932203 -889.8305085

2 0 0 0
-1906.779661 2966.101695
-1906.779661 -2754.237288

2 0 0 0
1906.779661 2966.101695
1906.779661 -2754.237288

2 0 0 0
847.4576271 -4364.40678
-847.4576271 -4364.40678

